  0.00330641182743125  0.01132359901709676  0.01968926374010808  0.02906262199561287
  0.03862935889212535  0.04948671801406270  0.06057439144228702  0.07166119539050633
  0.08246349041969243  0.09318089036537168  0.10393573117855955  0.11489889002068539
  0.12603454174439474  0.13749201039373174  0.14910223432194600  0.16054836189650917
  0.17185456693842696  0.18308502072607821  0.19423098706750883  0.20464502460632825
  0.21510785389519491  0.22604912610996050  0.23689597285366396  0.24678259594354579
  0.25683646764250800  0.26712193688031399  0.27758793638482765  0.28734893959178753
  0.29762262625194935  0.30811214097412720  0.31901170903822623  0.32943397750260578
  0.33942760042527431  0.34922013715143813  0.35950196769427523  0.37055218278692087
  0.38208139223384530  0.39282127600471384  0.40314273243909754  0.41309250520141527
  0.42294158576652990  0.43312581122140392  0.44315815249430274  0.45342730320987296
  0.46359089046048491  0.47394135110287494  0.48435038334940350  0.49498674067944787
  0.50538181122859871  0.51618391677595532  0.52714569044855797  0.53780945357723520
  0.54848432676164216  0.55902339490503583  0.57019871633296704  0.58142288717405788
  0.59191979997527122  0.60216533574930453  0.61222052916272884  0.62218416776152285
  0.63204631992640603  0.64212463225773020  0.65241598550265067  0.66295861055822303
  0.67314373880335310  0.68283970142424788  0.69251856466072037  0.70239552830486662
  0.71318936249548348  0.72410206273512900  0.73470953148770013  0.74520763401391266
  0.75574844498866889  0.76722123198746450  0.77896214194364466  0.79063652491831027
  0.80123312558154791  0.81193202477269133  0.82320880075447411  0.83500942705593362
  0.84684284054411485  0.85813582962844548  0.86908801904385646  0.87951042285890990
  0.89016782271823403  0.90045579995956504  0.91056533966043030  0.92081974322684035
  0.93200096325218229  0.94386380507243250  0.95534935865562043  0.96538480156140261
  0.97497679723841646  0.98424807837780326  0.99255164898201131  1.00000000000000000
  0.00145422902517414  0.02035015515190505  0.03672189037465963  0.05035026937798095
  0.06248245084266890  0.07460656411696903  0.08692087553329549  0.09889567653157469
  0.11089341779802922  0.12213480214312432  0.13312828602175886  0.14381369085896578
  0.15454201491233535  0.16521273789507818  0.17568267325661543  0.18642572903586949
  0.19722087642867511  0.20808761078945018  0.21909627010883570  0.23014707650009494
  0.24079032557452631  0.25106765384540758  0.26307406127707406  0.27444332753522227
  0.28569778167299403  0.29646406863666841  0.30726566274670886  0.31729757751382248
  0.32715095851574927  0.33645839531290861  0.34570075542912476  0.35486833684612107
  0.36414231888935344  0.37299006453622047  0.38191779807293791  0.39068605848312626
  0.40018328474123510  0.40994556914882901  0.41950962969135813  0.42913864462095969
  0.43910782769389650  0.44945501487475309  0.45968993825456300  0.46950256285760239
  0.47954444303626553  0.49014828535268484  0.50032836126076041  0.50977068176862672
  0.51926381159776258  0.52906571657500512  0.53917384410376124  0.54923190111338172
  0.55882886662595177  0.56838878752975153  0.57809846517086139  0.58828428809615174
  0.59857530291623140  0.60833888119172397  0.61778676244184572  0.62744246465147180
  0.63720559806856347  0.64688757012296538  0.65684397846313936  0.66689640612323065
  0.67744911746404568  0.68785944201537308  0.69771866760943257  0.70786438321921985
  0.71811333276487410  0.72919634063520333  0.73968937527563539  0.75063880078793677
  0.76173216406402011  0.77253264527610921  0.78290221740694843  0.79352925329566681
  0.80466696572739516  0.81555511670736325  0.82591849671074569  0.83638565064239456
  0.84639469231531295  0.85593066061094725  0.86566554568170218  0.87539203497630591
  0.88642096174943430  0.89728184991434412  0.90807849049513778  0.91859182284097540
  0.92884197150577985  0.93890475089201986  0.94862478471117262  0.95839600149341997
  0.96810881920720471  0.97825496807460821  0.98853575177307096  1.00000000000000000
 -0.00239327755516854  0.01078723441941823  0.02147825123966057  0.03229761095834471
  0.04317349599891868  0.05359717710631452  0.06460753396706939  0.07561294282725961
  0.08690053312620710  0.09776798010228122  0.10868313209246207  0.11901355704804900
  0.12956820114173057  0.14030016110173762  0.15129752148906558  0.16177721440644469
  0.17204885185189756  0.18199283060177171  0.19226899658481370  0.20247240685147688
  0.21301735672934327  0.22436227637050754  0.23534996173437736  0.24673626282072836
  0.25825158443801732  0.27012480899260255  0.28097548232955977  0.29165305954485576
  0.30220326096676736  0.31230753463082633  0.32211964440152846  0.33188145826492649
  0.34221879838310776  0.35250916505715318  0.36286093356153737  0.37375369477874182
  0.38428775532445897  0.39496994914568384  0.40606297166448369  0.41695182645855877
  0.42752765090432121  0.43788904791165140  0.44853189651073588  0.45920867621493816
  0.46980483279324592  0.48054507416962544  0.49117053069180083  0.50129108245599474
  0.51119134184815018  0.52124676429001959  0.53155493627490502  0.54182068304078979
  0.55198481692499302  0.56256300560147143  0.57325053729664610  0.58391372890056947
  0.59457497150858840  0.60544146271042798  0.61632307822593946  0.62696650548481769
  0.63754064169105051  0.64815662914081895  0.65875951699824720  0.66936864910754579
  0.67982584873515073  0.69034786747283805  0.70082767152696046  0.71128240493235162
  0.72167970378203350  0.73203260201202203  0.74247966191348302  0.75337385542511515
  0.76484334175329260  0.77577868387443916  0.78588687656078471  0.79585490000266945
  0.80592942467662498  0.81601221905789056  0.82557002802086343  0.83476335709744209
  0.84390684809313965  0.85342279773667085  0.86330522760655004  0.87318461860234398
  0.88388767527820000  0.89432409061439488  0.90486944685879556  0.91485191270661592
  0.92466273224002882  0.93473801424012504  0.94549773964409656  0.95618037950305268
  0.96681577478695957  0.97709196310699165  0.98834074122104287  1.00000000000000000
 -0.00181543815799774  0.00927872541108200  0.01983241269683512  0.03099182991116339
  0.04209832707450932  0.05269585033869766  0.06385874455660083  0.07522117963282071
  0.08604135441500124  0.09619754327184923  0.10590592642597316  0.11605836455345309
  0.12634994220124562  0.13691658472431259  0.14702631308741176  0.15707416631022822
  0.16744179991821351  0.17832402598031033  0.18946270585861358  0.20045239015981395
  0.21142626811737819  0.22179032583987640  0.23231297394656414  0.24248520494826345
  0.25302035179195581  0.26350634460676164  0.27438576605388526  0.28546627253311890
  0.29636533254852460  0.30674136994789386  0.31727596172944433  0.32781951113000085
  0.33844733379289438  0.34907851574915139  0.35979031140000040  0.37047058600475774
  0.38092266785799012  0.39112786063818061  0.40129695139218763  0.41179623963449169
  0.42249338635076122  0.43316332353334946  0.44402878061294387  0.45518239332598553
  0.46660000851157774  0.47797436329644205  0.48936011041632360  0.50020829604534522
  0.51001532854125264  0.51946036181843425  0.52920748144095353  0.53897527700899295
  0.54883999681435880  0.55868216645607516  0.56882856353373745  0.57904251151400588
  0.58954525765149857  0.60026575963714890  0.61095293844373477  0.62157597387485319
  0.63239934339311166  0.64335850824383822  0.65457703330831918  0.66589394697495652
  0.67685983002812444  0.68751018272557762  0.69793183982981855  0.70849444845242737
  0.71971584983599779  0.73069957180077816  0.74206437568095285  0.75345468770876156
  0.76579840378552488  0.77711882869195803  0.78746658384862322  0.79756710516116269
  0.80762311349696625  0.81755043188860010  0.82769162222146175  0.83813955472837376
  0.84834365894636110  0.85824764538343046  0.86804446102762034  0.87788076072498578
  0.88790418957837669  0.89820588550341030  0.90930609164614995  0.92028250329244632
  0.93135917182009509  0.94195103142277892  0.95193441062763617  0.96194599090640409
  0.97210874335028519  0.98157304415782909  0.99091409887602955  1.00000000000000000
 -0.00225688206092006  0.00927505756343228  0.01945252832102869  0.02993675378504698
  0.04032750321322811  0.05113493109759152  0.06204565969924783  0.07298456339778903
  0.08400884632429077  0.09487299022268446  0.10636038701511948  0.11751986494722984
  0.12856234836843922  0.13912604468031400  0.15045004011252502  0.16195662525887691
  0.17340526548011462  0.18431578643443070  0.19464752556394541  0.20470604176103108
  0.21456765015287599  0.22455641852530442  0.23416506208597859  0.24381806084694155
  0.25362491369608642  0.26365171921037456  0.27383337336738106  0.28462128132881220
  0.29540799205186563  0.30623260280846326  0.31688728279604961  0.32774818105851239
  0.33864517663318655  0.34949848277096651  0.36047397968744554  0.37139316253588028
  0.38238600189236210  0.39333296665384143  0.40397405845900147  0.41490255621071714
  0.42624947983247802  0.43671034221016281  0.44735397446740049  0.45713452714530323
  0.46664835131477855  0.47591287622009604  0.48641328034237175  0.49758864599537783
  0.50847779466760989  0.51966726524336826  0.53062349700145839  0.54118878105157064
  0.55129258449644380  0.56148283077068828  0.57204453930846655  0.58254944152071175
  0.59306888405124225  0.60317977915235710  0.61268463402212647  0.62218878009325396
  0.63222260121727303  0.64313879820562281  0.65476302154322896  0.66654081547692834
  0.67828330695583017  0.69035107530928352  0.70205396511934626  0.71297474064610122
  0.72346591741435595  0.73426666658615913  0.74517202244457836  0.75569680345019596
  0.76591583696621168  0.77626681847840762  0.78667741457505969  0.79687790689954663
  0.80676818907547765  0.81698306462230907  0.82727628619705684  0.83775201629786300
  0.84834952864098345  0.85847439496677636  0.86811980785845788  0.87745397264546332
  0.88718108073183943  0.89759273832949993  0.90821043057219142  0.91843435552972641
  0.92906022075047678  0.93921508382145091  0.94949270271310160  0.95960125986873579
  0.96970017990668522  0.98008655678554579  0.99013486854889932  1.00000000000000000
 -0.00258107920080471  0.01023557316666930  0.02100403204202966  0.03230925525301422
  0.04258621981604510  0.05243518169409794  0.06251543961937056  0.07268573409045850
  0.08286253145486663  0.09227121849510229  0.10138655863489536  0.11062463537240230
  0.12069907959915757  0.13173120481509851  0.14328741567597936  0.15467193009001379
  0.16563538777687167  0.17583243628830064  0.18578959261407360  0.19569597235004066
  0.20583194185707770  0.21640093403155877  0.22648243320303119  0.23719665766352743
  0.24790509783149817  0.25925494481390116  0.27043843684471702  0.28126805739561511
  0.29149529608540192  0.30151958194718348  0.31147448305827430  0.32173146821189946
  0.33219320167453192  0.34267237199031469  0.35338879793116867  0.36469032693738174
  0.37590830165941169  0.38647898960187538  0.39705766988648655  0.40770061730624652
  0.41832731659087996  0.42843794902850380  0.43862436955990530  0.44887237133495483
  0.45920442674719975  0.46894717711553652  0.47878442012426070  0.48888609116610149
  0.49895809199997759  0.50903501864193834  0.51912228313480957  0.52972437477764633
  0.54169041137238350  0.55211973008287840  0.56318061697355648  0.57390935797842335
  0.58513195551614261  0.59592124974132976  0.60685751610197058  0.61771249985127830
  0.62731524890640100  0.63692694086835910  0.64647013765036732  0.65787430825803117
  0.66899818632595576  0.68078891625206472  0.69167911255424908  0.70179774892254387
  0.71159457354888556  0.72091043433898094  0.73047277770967012  0.74030506217895475
  0.75053417094631791  0.76089485342997387  0.77087000731959709  0.78114437505299472
  0.79151021432895763  0.80243168952555299  0.81376869682956066  0.82521248729346219
  0.83626608615245712  0.84709151597081012  0.85770611607007397  0.86836521742795303
  0.87930277631041598  0.89116207809930836  0.90360661105531892  0.91507153565953214
  0.92612926599373957  0.93716814277622418  0.94878568814774700  0.95975360716431279
  0.96971852576575812  0.97966621178917301  0.98956170981843095  1.00000000000000000
 -0.00231716795899894  0.00880319909576390  0.01869276629698302  0.03026767045292673
  0.04155460091517484  0.05322790893780897  0.06469762847732125  0.07653789951550238
  0.08827275177658882  0.10014306392694157  0.11162577103323082  0.12272564086986883
  0.13371650848003488  0.14466646393161695  0.15527276713404919  0.16545519486539909
  0.17531694475755957  0.18493934317679511  0.19466390153008398  0.20434268087052540
  0.21420040320912723  0.22401572302256584  0.23435161194595561  0.24465417033667997
  0.25469072731275932  0.26467314915369794  0.27536284899122848  0.28646372666195452
  0.29715898015158027  0.30718289237502006  0.31721711198549446  0.32742409908125497
  0.33772350727516270  0.34787635320936272  0.35792675201373775  0.36767879593905811
  0.37795263343003294  0.38883785875630583  0.40022089755944984  0.41154203275685936
  0.42237966165580648  0.43363453224873028  0.44429756320170694  0.45532178988381644
  0.46610424447998622  0.47677189052181068  0.48738667538299479  0.49806373726071551
  0.50881931514191558  0.51966200688311814  0.53079909843180206  0.54182729146324715
  0.55248046314185151  0.56276076979010248  0.57371179445631926  0.58499863761803672
  0.59591292843009314  0.60652444953753015  0.61629371756968065  0.62636445246598493
  0.63603122329487827  0.64557161603742974  0.65500413758537657  0.66463481752169884
  0.67518898826820450  0.68615083357370044  0.69706961006538048  0.70749150330442567
  0.71830135855067612  0.72896804210839716  0.73947909105581611  0.74979092810566150
  0.75962951513069987  0.76930421511454661  0.77888219484893528  0.78835244774748736
  0.79875379003839175  0.80942166504125879  0.82065293875437328  0.83115191059091109
  0.84175377209457680  0.85246100804861080  0.86317785830642979  0.87350091788575623
  0.88487096671249066  0.89652484932643839  0.90793664506934368  0.91870110666655591
  0.92901988928921087  0.93910094353157003  0.94948614791878005  0.95932524895656168
  0.96967530391739643  0.97931260711126600  0.98999370953999155  1.00000000000000000
 -0.00145629017655220  0.00904546967613543  0.01861428435746394  0.02828539936285394
  0.03826727104366550  0.04917946323640901  0.06080795020342152  0.07247269208285556
  0.08381471359700404  0.09485192156042022  0.10562899476970358  0.11587773986873712
  0.12588878984282542  0.13574580534259315  0.14587518043422459  0.15637318751146978
  0.16701926158860769  0.17778678608039822  0.18887637073945668  0.20003737952562950
  0.21079975259766040  0.22138801856315005  0.23177803547236753  0.24226581082887805
  0.25281743753604469  0.26319037866594008  0.27358434079133481  0.28359701297719531
  0.29414591724461581  0.30413483519600676  0.31438301223850063  0.32480965928057837
  0.33554752801755755  0.34619345543319602  0.35723138396231036  0.36888195441917598
  0.38054382785092944  0.39142499353364280  0.40174104746550787  0.41227303980391616
  0.42289257482652093  0.43411385861931145  0.44503206093912234  0.45569565292771758
  0.46660479969307189  0.47772027086772412  0.48843996256409816  0.49910529471218185
  0.50968930001176038  0.52038547043781525  0.53052477812164789  0.54060448455864307
  0.55080440232430228  0.56121322479644453  0.57200162846485314  0.58322424741183998
  0.59481875075875035  0.60647997674793608  0.61814153154446994  0.62959502881451790
  0.64048606721549606  0.65092623151848528  0.66110452974013845  0.67109896783713729
  0.68104181140831421  0.69117087689668022  0.70177739697677644  0.71283574680502448
  0.72413705931152750  0.73541545674516662  0.74604793910548339  0.75596321504902730
  0.76530527275463689  0.77458006482115815  0.78413782013883049  0.79409342667914962
  0.80444011600313126  0.81541453406914699  0.82684611112902373  0.83785354734385165
  0.84809739117992378  0.85804078259121574  0.86838347719999720  0.87850336941703899
  0.88847152453881839  0.89856548110178747  0.90912092568366054  0.91941774830207035
  0.92938217710067206  0.93957267239353337  0.95015702934172719  0.96129012308654338
  0.97130203279420846  0.98102588023858428  0.99047823713016592  1.00000000000000000
  0.40151376082802059  0.52792305396329042  0.59164469279778065  0.62902056482336011
  0.64795111198442801  0.66065106700211251  0.67094563564634402  0.67961698375573132
  0.68782289952613018  0.69506283307442518  0.70232062570798459  0.70947055990868113
  0.71644562485633367  0.72322141549606223  0.72996712196760238  0.73672434500131456
  0.74340202342513706  0.74988662834415698  0.75617909295486296  0.76236201473430754
  0.76845585632672875  0.77427958438702893  0.78000121845181891  0.78572466019690423
  0.79138759223517585  0.79688007182482790  0.80242426363056374  0.80782503698296670
  0.81306948889244102  0.81807129181176452  0.82307963543167639  0.82806370537188057
  0.83294969359436921  0.83766206841631119  0.84232505482947151  0.84694309771410059
  0.85142398997198643  0.85568130442778934  0.85983131877442787  0.86402475054394023
  0.86829229601642943  0.87250169016472157  0.87654247125975238  0.88039837169810042
  0.88415709115755448  0.88785321979481668  0.89155682383808033  0.89519356363249258
  0.89875242165585112  0.90224416937110585  0.90567774037979376  0.90909450140380865
  0.91249185701673319  0.91578282658256560  0.91885644750466700  0.92183296793612768
  0.92474871285092497  0.92772795176762368  0.93059719959413933  0.93344508559650019
  0.93622255127564058  0.93883137909561398  0.94133007737670560  0.94381833811715554
  0.94634854404610946  0.94890198392079861  0.95138957617859421  0.95374146906016566
  0.95600035504421865  0.95813674216039602  0.96006984824239583  0.96194509842066400
  0.96383035914660553  0.96573551435369798  0.96760872181367119  0.96941369099615315
  0.97119971393450355  0.97294806335243900  0.97463120608323084  0.97632740701922505
  0.97796716973404751  0.97959711830475538  0.98122533752301500  0.98281427507851316
  0.98437096791380496  0.98585727524085343  0.98728251495123909  0.98865548164663464
  0.98998587268676308  0.99129787569260064  0.99262376298936472  0.99394907868665228
  0.99530133296790935  0.99672959184003340  0.99828934075389963  1.00000000000000000
 -0.01860301742955870  0.10687122199488319  0.14313001650295390  0.16602595392105043
  0.18410884326442467  0.19906187084637186  0.21216249805258286  0.22446690553289234
  0.23595463240726616  0.24655316691359822  0.25621037252407874  0.26559800013137019
  0.27472667879424856  0.28310780011837927  0.29122127199827386  0.29880934370843809
  0.30615945516240106  0.31339606939453973  0.32087725911682591  0.32810661956476678
  0.33516824865430295  0.34205200444669243  0.34893209705202649  0.35573433709205310
  0.36213739128347411  0.36834343590479923  0.37457525191862551  0.38087549313519958
  0.38716398560484072  0.39331994050694125  0.39928626126354189  0.40513718283547556
  0.41098501416024336  0.41678068751941783  0.42246440588457257  0.42798580750929882
  0.43351458927081843  0.43890123608767212  0.44440251289497745  0.44999257304131141
  0.45573291129502641  0.46145020485400035  0.46725310767208633  0.47293029217651178
  0.47841424368364299  0.48386129504392134  0.48928544015476999  0.49475141337300216
  0.50027364544695041  0.50575487393638963  0.51130874422093398  0.51690281407617122
  0.52284259497288033  0.52904164959332833  0.53511575444711201  0.54105990365540202
  0.54625128735623274  0.55148041673875481  0.55680037809820082  0.56222366876761853
  0.56808581826050153  0.57420171183895841  0.58044943251262637  0.58664280118353840
  0.59236900525485869  0.59811227648214005  0.60408985383424030  0.61033097541172254
  0.61700666801589787  0.62369744217388468  0.63037135828073643  0.63698659661745438
  0.64353194371088718  0.64999614798587413  0.65643673529826030  0.66299861591821696
  0.66973884405949835  0.67688135336268862  0.68431418181021175  0.69171122882349401
  0.69913666606719171  0.70691078804905205  0.71563427107039990  0.72502147395678118
  0.73436763452113640  0.74382129469670333  0.75376511796400758  0.76435562560153369
  0.77521625203923072  0.78699012420078573  0.80025096857963418  0.81552781890003812
  0.83338767795028534  0.85631888489941332  0.89251931225705838  1.00000000000000000
   9.7637225097019342E-010  -1.0000000000000000     
 F F F F F F F F F F F F F F F F F F F F F F F F F F F F F F F F F F F F F F F F F F F F F F F F F F F F F F F F F F F F F F F F F F F F F F F F F F F F F F F F F F F F F F F F F F F F F F F F F F F F F F F F F F F F F F F F F F F F F F F F F F F F F F F F
  <DiscreteSampler_grid>
  grouped_processes
  1 # 1 for a reference and 2 for a running grid.
  10 # Attribute 'min_bin_probing_points' of the grid.
  1 # Attribute 'grid_mode' of the grid. 1=='default',2=='initialization'
  0.0000000000000000 # Attribute 'small_contrib_threshold' of the grid.
  0.5000000000000000 # Attribute 'damping_power' of the grid.
 # binID   n_entries weight   weight_sqr   abs_weight
    10   10   1.954199637262954E-002   2.172970981122928E-003   1.954199637262954E-002
  </DiscreteSampler_grid>
