  0.00478270693082033  0.00480330348441073  0.00482856492436574  0.00485518502612133
  0.00488598757417308  0.00493021296029824  0.00497134355459048  0.00501221196192678
  0.00505337723853556  0.00509389511174032  0.00513533526697157  0.00517819349094378
  0.00522115370030602  0.00526490899194636  0.00530959432505949  0.00535535297974486
  0.00540165119668893  0.00544799083783729  0.00549387057218731  0.00553985625706185
  0.00558656246013992  0.00563412887706386  0.00568304370683026  0.00573192232693056
  0.00578092413214847  0.00583018633380770  0.00588070272858971  0.00593156818108672
  0.00598280526999542  0.00603451288431454  0.00608777325811700  0.00614109347103052
  0.00619453357888384  0.00624828353136774  0.00630175597521052  0.00635678222547715
  0.00641280484878300  0.00646939584426081  0.00652747295479466  0.00658881818620983
  0.00665123987480970  0.00671400445589126  0.00677694859177934  0.00684038426747088
  0.00690337226632411  0.00696732441391979  0.00703227806878355  0.00709842550938911
  0.00716629775271424  0.00723592924584072  0.00730743268732245  0.00737800100361137
  0.00744772404536323  0.00751824638358762  0.00759041169880176  0.00766389005522916
  0.00773878221699701  0.00781604695006946  0.00789433575590038  0.00797488678870716
  0.00805674846140825  0.00813966287022129  0.00822356181667886  0.00830945461453961
  0.00839723884132532  0.00848655816655149  0.00857687917211175  0.00866770305920562
  0.00876071715937684  0.00885579791233305  0.00895217549599406  0.00904822166136049
  0.00914671621082224  0.00924934268122302  0.00935414175974357  0.00946326823213912
  0.00957488948138576  0.00969044834003524  0.00980937621721628  0.00993270429298677
  0.01005967320052271  0.01018985614043832  0.01032277191063582  0.01045841466625991
  0.01060099556942079  0.01075228086953917  0.01090893502254387  0.01107255065918234
  0.01124702024138786  0.01143376890236841  0.01164203992850879  0.01187933760030620
  0.01215591721630669  0.01245671609324582  0.01251951072211555  1.00000000000000000
  0.00478025147860464  0.00485038516586744  0.00492821985673597  0.00501915509204095
  0.00510666291339218  0.00519171221894728  0.00527446957618461  0.00535517178059651
  0.00543435253275233  0.00551352047617392  0.00559283769238985  0.00567272904900399
  0.00575080313038680  0.00582756267586466  0.00589996538812153  0.00597311648980190
  0.00604641288278358  0.00612084051986891  0.00619541502138062  0.00626976169751990
  0.00634361053419105  0.00641606285296150  0.00648684297517662  0.00655611715960890
  0.00662440384975379  0.00669335066009458  0.00676300247809550  0.00683416232928279
  0.00690671918847603  0.00697952945357896  0.00705244810085419  0.00712538192971170
  0.00719806715794535  0.00727157505373833  0.00734368814260979  0.00741503787675998
  0.00748570910237081  0.00755587432209548  0.00762653823118459  0.00769697471224344
  0.00776960825384753  0.00784275594899700  0.00791713598224623  0.00799157682545090
  0.00806502455197269  0.00813786036844190  0.00821082247044651  0.00828489269013118
  0.00835894730596151  0.00843216070103715  0.00850560473671782  0.00858053450837211
  0.00865627868399373  0.00873084483403929  0.00880447964257062  0.00887721483969324
  0.00895052162878809  0.00902178798716321  0.00909339598898082  0.00916648467880266
  0.00924219889340951  0.00932109243350968  0.00939886444808161  0.00947718503955453
  0.00955430462773792  0.00963228034133610  0.00970915900075596  0.00978574837073799
  0.00986349270209166  0.00994343056950256  0.01002516357359210  0.01010600462693319
  0.01018616539132041  0.01026633874326475  0.01034781909786354  0.01043168060402808
  0.01051856212673062  0.01060863062833930  0.01069934340457141  0.01079053872795975
  0.01088570086131958  0.01098612063798266  0.01109114800602633  0.01119673872045840
  0.01130279501440800  0.01141241020601584  0.01151894507604693  0.01161928693070399
  0.01172054588947029  0.01183412197577990  0.01195209187197754  0.01207953806688092
  0.01221818899024950  0.01239444075326107  0.01262765507398142  1.00000000000000000
 -0.00103537022949338  0.01204325670626947  0.02258431040555266  0.03358851325192286
  0.04463019057368958  0.05527329329343153  0.06609773665700541  0.07714900730515661
  0.08792861289472267  0.09866985211459570  0.10905565970774761  0.12002570673238756
  0.13047118296536347  0.14144487997136740  0.15260323062427805  0.16356920059263491
  0.17403674636380528  0.18413473001709729  0.19456285556587122  0.20525276915543300
  0.21546999190467225  0.22548375730698630  0.23530613877863082  0.24511508475454455
  0.25536892935051486  0.26499265842560865  0.27446066664054836  0.28433135248372954
  0.29440963511375778  0.30530881241220448  0.31630062278873872  0.32768285122339608
  0.33848237590255659  0.34880870342429793  0.35911854411531668  0.36935284891665843
  0.37921377653512051  0.38879968098118672  0.39815872746376901  0.40838579102448236
  0.41857592048802994  0.42932813685691251  0.44009258014287417  0.45034831503813499
  0.46047901459408863  0.47032707636665094  0.48011263348117517  0.48931727162678629
  0.49836360013924175  0.50767445110001175  0.51688513706006567  0.52668964768315951
  0.53692927048142358  0.54751554147423431  0.55828376372343813  0.56930895494484024
  0.58032676163263441  0.59092897474552175  0.60135655316721803  0.61184322233546129
  0.62245208717266487  0.63358452487483219  0.64447883092881730  0.65505901284067236
  0.66538637616888441  0.67558474232950794  0.68576515811406857  0.69588680551411741
  0.70576758245192284  0.71590682983840026  0.72630770581163384  0.73715255463700724
  0.74806263821309404  0.75832727501734420  0.76878691611921290  0.77914520795115538
  0.78880527512082266  0.79843015207911316  0.80802368307389438  0.81827095250709958
  0.82973481474344846  0.84140897431377959  0.85358079828987277  0.86634789901957054
  0.87919194720333393  0.89110797396068442  0.90238419051250163  0.91327678394366107
  0.92389670477444086  0.93502260472105136  0.94640915919777602  0.95836797313899114
  0.96950379723036417  0.98043909294540399  0.99032103235494862  1.00000000000000000
 -0.00289030928441055  0.01046947270479934  0.02123747243836421  0.03168783450822211
  0.04228196026961256  0.05294226967516617  0.06337023715550028  0.07338881132258633
  0.08348678713299529  0.09394963689058984  0.10471269750293864  0.11546630093231010
  0.12667575134300543  0.13827853358185982  0.14994588710442236  0.16113646472122650
  0.17208652586976023  0.18304797500916128  0.19392776497796546  0.20462405584222976
  0.21526429738337216  0.22600095531571698  0.23693070962530294  0.24804055781755630
  0.25884799893360061  0.26916793918131976  0.27925554401600367  0.28910894679665644
  0.29872635465021025  0.30854607022448105  0.31878160302252928  0.32921714026438997
  0.33936762946470633  0.34935976657845319  0.35898458329152877  0.36851368800285350
  0.37821974656246760  0.38815292306126326  0.39792400948453771  0.40752770134283434
  0.41717171184998092  0.42747003352816382  0.43811944445152268  0.44972589328825380
  0.46156248527447274  0.47322161836895016  0.48409918101166549  0.49407027765971223
  0.50384253855173444  0.51306657408091350  0.52248971060405924  0.53231948043969723
  0.54264523728685266  0.55427302203176709  0.56510230524261440  0.57598384587593299
  0.58678509087485187  0.59746440313445015  0.60749327094801775  0.61749762782265327
  0.62773081365511540  0.63789800850001255  0.64782656604696798  0.65817921068059326
  0.66928571128718839  0.68044765110981131  0.69119229622764999  0.70196720423352665
  0.71301408825453638  0.72452879120824254  0.73616132855697636  0.74743756663408989
  0.75834008650753770  0.76959533329125396  0.78118085825505179  0.79257712919139045
  0.80338642722329479  0.81422011489631785  0.82488022881574119  0.83552646474574077
  0.84599144987719777  0.85679685832030583  0.86764852005841608  0.87813097719881839
  0.88834480429249640  0.89855503939929349  0.90863649197159213  0.91854173951077356
  0.92852267682609924  0.93871466344070620  0.94892300338815760  0.95913858017253140
  0.96906205900683506  0.97913786724672691  0.98932699669173962  1.00000000000000000
 -0.00254190593195942  0.00991448913752821  0.02069654952386599  0.03222977219436108
  0.04362485389063498  0.05505237719288231  0.06597222718126879  0.07700402037603847
  0.08792573335625993  0.09886315166137090  0.10930716018253943  0.11939028562920136
  0.12931492420862012  0.13896459703559272  0.14841293275278528  0.15796249590275416
  0.16780244783470252  0.17870808449651540  0.19021142204790173  0.20112397890801106
  0.21207694350113387  0.22299708228109633  0.23389970190895165  0.24471213607484896
  0.25555604209449256  0.26634531616267670  0.27667334961760998  0.28644189784916740
  0.29628276850662499  0.30603494037978879  0.31600664950159435  0.32573417167825403
  0.33567597961522033  0.34572136334601511  0.35556115958924550  0.36540767474437624
  0.37514372391273360  0.38504515826522123  0.39508473098214791  0.40541332611286862
  0.41606534331811362  0.42672590932892934  0.43717222329302685  0.44738930871915727
  0.45755145995598001  0.46758629680237151  0.47789614174965173  0.48841162439946811
  0.49923444744454187  0.51025512588541722  0.52147953138971570  0.53284294260185294
  0.54393870368730868  0.55466928881075328  0.56505437023108629  0.57538942924884728
  0.58598074999619487  0.59654498030494407  0.60708671469244246  0.61716711654674417
  0.62765478556029786  0.63800309195632010  0.64870645347651845  0.65948126813979724
  0.67052118870486854  0.68135445269830797  0.69186935473791233  0.70249307069663025
  0.71303014080986749  0.72397002323057813  0.73453012958720443  0.74501983486772672
  0.75569101023529162  0.76679480798275779  0.77814487537297949  0.78962504926756827
  0.80023185081479087  0.81110222427358458  0.82141022396948027  0.83168370786724499
  0.84191074883813921  0.85223684676828948  0.86283556038998543  0.87370906385016300
  0.88463519605648044  0.89526438752775750  0.90517838740309020  0.91497620579598316
  0.92491532322184777  0.93524133644205132  0.94572961491082730  0.95610820153772191
  0.96653550600050409  0.97717850480433144  0.98847589275845915  1.00000000000000000
 -0.00261984843987334  0.00963191830745230  0.02007847410057888  0.03061816271308400
  0.04159932719839613  0.05281250357411615  0.06394235998151043  0.07477903245579061
  0.08540994046108202  0.09585672910848127  0.10597583064637935  0.11570312258888218
  0.12527285347342779  0.13523392015977925  0.14556072803838296  0.15585803531121456
  0.16599213712003832  0.17643042015449797  0.18730337565849056  0.19819895413119631
  0.20930065725972816  0.22052362667763223  0.23169533512722526  0.24269028950671787
  0.25334839840879086  0.26387647141472398  0.27414366786189592  0.28414131147459720
  0.29409343166409357  0.30337532493899588  0.31263327177257416  0.32205477331668864
  0.33161946974251588  0.34158940760393763  0.35173021879240013  0.36193070453356607
  0.37206048547525955  0.38270941637158978  0.39361891692906426  0.40465819537931025
  0.41545474939862581  0.42626707869986324  0.43712762842136205  0.44805600910095039
  0.45832457532408244  0.46830664539411626  0.47875495143459013  0.49000478349663468
  0.50087315455728165  0.51100713049322199  0.52128549908843480  0.53219041421835978
  0.54360128437528565  0.55396884269716973  0.56423479098687490  0.57446004568239351
  0.58490603500771920  0.59530318422017581  0.60583718659208829  0.61669648929924148
  0.62789487233855712  0.63869749888440508  0.64935604096620758  0.65976133871368869
  0.66993530323317818  0.68073292741719427  0.69221428809740515  0.70380520543625469
  0.71547399046596438  0.72715031906480743  0.73991024490993040  0.75228499830752260
  0.76372075469066547  0.77440281524022136  0.78472001353910859  0.79457474096044578
  0.80444825756427929  0.81467317203438883  0.82499585646020113  0.83523698568639637
  0.84547680977483664  0.85579544069781321  0.86606672429890486  0.87626653951108746
  0.88678068963432655  0.89702477831226057  0.90716119362266001  0.91693929111693551
  0.92757971603019840  0.93840597333167386  0.94923706806542241  0.95974336372162605
  0.96981781086919028  0.97986210695599885  0.98977710316555001  1.00000000000000000
 -0.00217938651727399  0.01198345251177677  0.02250613577381842  0.03354022687712186
  0.04405858479328770  0.05493262992020048  0.06524226694301047  0.07577965041063051
  0.08627994614853629  0.09680159956293877  0.10690457104151221  0.11727105300101130
  0.12730796157652563  0.13792613791011007  0.14840317439602405  0.15949916020265573
  0.17047248089870312  0.18138098401855002  0.19213179579691031  0.20230777778454664
  0.21238736037736633  0.22256089411394070  0.23275392826866761  0.24317012288256901
  0.25340517174427579  0.26376225775279932  0.27421988073628417  0.28459192346368212
  0.29565628130378901  0.30668971913615600  0.31811736639310312  0.32899816040956387
  0.33940622442323903  0.34935605407186221  0.35999754083717805  0.37073460884127846
  0.38065076763165773  0.38958248958624397  0.39874014937815450  0.40850802891968396
  0.41853513734618902  0.42849809901911762  0.43830322540057531  0.44901276232191217
  0.46014211695958723  0.47115799474385883  0.48164703614588955  0.49182311828906106
  0.50209121313482596  0.51235050806652915  0.52296392343729670  0.53422339101767957
  0.54529523529438317  0.55630468057910820  0.56693191660593278  0.57801002722661821
  0.58837520252444542  0.59840405294446297  0.60778392870713183  0.61710420986649805
  0.62670470711228399  0.63711892786886237  0.64762396744958617  0.65855460567076562
  0.66842527814087149  0.67975239849215818  0.69025741599903978  0.70169006241382792
  0.71315513867541036  0.72522915724835213  0.73665233912940087  0.74797082605126475
  0.75833766213941278  0.76884951529824930  0.77959030343009927  0.79093161802586598
  0.80217409158822794  0.81345077221252715  0.82482878211279853  0.83606506252261747
  0.84686724815053016  0.85757857092534862  0.86855998990252570  0.87910557269923451
  0.88931341769853167  0.89959601090830743  0.91002392134351140  0.92080240621998499
  0.93116399172191677  0.94113887434270493  0.95099203455745818  0.96055440665105851
  0.97015332786834763  0.97980916300590037  0.98977933254487682  1.00000000000000000
 -0.00205889510140237  0.00935341836763176  0.01889034788759330  0.02865381901815864
  0.03786313808076246  0.04703512362154084  0.05589361766623509  0.06559429243199799
  0.07597529548931405  0.08723269243606555  0.09871936325088396  0.11022902555692540
  0.12151268486553775  0.13239766054895957  0.14317044662973555  0.15399545520295518
  0.16483082034029845  0.17544833637448676  0.18590910168309291  0.19659923237162003
  0.20732321002396334  0.21787756932304467  0.22841459170600992  0.23909484912001325
  0.24971728747514421  0.26009758068148670  0.27037483321286965  0.28061160526264300
  0.29097265955622170  0.30143287803248425  0.31174858170886921  0.32181632222170042
  0.33176133086171361  0.34175110572384915  0.35182964603205774  0.36217278523184321
  0.37245903050628293  0.38227899318070002  0.39190210318074897  0.40198103766972182
  0.41292793353494683  0.42400042202892763  0.43500361597614601  0.44620232827292589
  0.45741939615222127  0.46833457793913891  0.47924777390111084  0.49044556031358510
  0.50181834974118200  0.51285240403854737  0.52357215700517912  0.53417381013224108
  0.54479728462131238  0.55525940948892061  0.56563344536762739  0.57581951084199412
  0.58614497224646478  0.59651032464802400  0.60732798995439186  0.61849862058864724
  0.62972222568020197  0.64048226389978380  0.65073134228105178  0.66149230944203108
  0.67202871045458035  0.68246123544608917  0.69248306300412676  0.70264713966201353
  0.71301115361388034  0.72298563107670621  0.73271347313564339  0.74249555149167612
  0.75257448038631380  0.76288784633072571  0.77274536940114391  0.78238580943403713
  0.79225841774692063  0.80223120395731817  0.81248997637000531  0.82312284431926930
  0.83397360814979205  0.84459029772532723  0.85486650939720443  0.86561787238864807
  0.87612949150241748  0.88666408384453366  0.89716742423642315  0.90812153623835334
  0.91929963888242572  0.93063634900927317  0.94201135763621313  0.95378563044647613
  0.96544792803544188  0.97730371773224489  0.98886345915799234  1.00000000000000000
  0.03062553933720922  0.03815719479319674  0.04562298761512595  0.05521459827884115
  0.06467995607189869  0.07445804453937963  0.08447379323857734  0.09453506162735241
  0.10461741186493043  0.11516170340851266  0.12592527980043147  0.13656410808080566
  0.14716199165945959  0.15759611350623612  0.16786252259102327  0.17771456835054111
  0.18731199085757910  0.19701022146203748  0.20681145459945346  0.21691481119068576
  0.22707087497075509  0.23692864429736560  0.24676199109048083  0.25633642856002148
  0.26572252462461554  0.27503823103185265  0.28405283962799632  0.29325354332978182
  0.30230344130842213  0.31139344575758560  0.32121715553729496  0.33171560274907314
  0.34297912346305320  0.35410967470808991  0.36490058025315963  0.37523642386452399
  0.38507019326473452  0.39480531653804324  0.40438005123988335  0.41400399164157586
  0.42407906286784958  0.43444135363808739  0.44493679211327947  0.45528937137740028
  0.46575061987601596  0.47658241471704649  0.48740120827350991  0.49795300922668728
  0.50784914346891130  0.51777188696115806  0.52762349140669529  0.53774800100935005
  0.54769667422625845  0.55757715406638442  0.56718040229337296  0.57687069058607354
  0.58696307728393260  0.59767558999552650  0.60786851678367004  0.61796226903965024
  0.62793776167944537  0.63812535888866351  0.64808786475635149  0.65775772962371282
  0.66734051050347909  0.67699572995656865  0.68684727050806049  0.69724075734116242
  0.70816586206425625  0.71937127004068002  0.73022643232630691  0.74050132584858719
  0.75089158123550992  0.76143704459572514  0.77195278909738307  0.78204741626574226
  0.79219237303230039  0.80318486738484574  0.81411477089914008  0.82524999878830918
  0.83618550626908661  0.84674165438034721  0.85658895861429185  0.86610718526847064
  0.87589815168296070  0.88602860277448736  0.89617311709737990  0.90620694779875266
  0.91619202181211445  0.92592959332113023  0.93580587909770829  0.94597333000209660
  0.95601338183038820  0.96473714286928869  0.96877022577674221  1.00000000000000000
 -0.01575442927721403  0.09177907940195612  0.12672318005570854  0.14906108488076728
  0.16825395034842658  0.18430327645200015  0.19813146139004950  0.21048723115277643
  0.22210131519598253  0.23334213465053616  0.24436189582548221  0.25511236023902828
  0.26535580146985294  0.27473927972693013  0.28336630385390954  0.29189880670416507
  0.29989875996613752  0.30768250682170711  0.31520053809414722  0.32257513003353255
  0.32991918760335026  0.33679963617308828  0.34342063590967914  0.34993331680264855
  0.35643630310085384  0.36294119701616412  0.36946307708034104  0.37611280221445215
  0.38281194295990389  0.38941694163381962  0.39583652204629627  0.40196823693148281
  0.40801700696499882  0.41398996616384381  0.41988907895405003  0.42571880339422985
  0.43149005000727209  0.43724213754021096  0.44306244468035610  0.44907431284770827
  0.45499389476985963  0.46099703061134667  0.46700207705057872  0.47298151090904111
  0.47886144812939707  0.48462331696123451  0.49036038788188313  0.49608017870932281
  0.50168501091352047  0.50709369848986596  0.51253709601669550  0.51830448223450121
  0.52425589761251079  0.53027705444945472  0.53630737463258682  0.54236605220907019
  0.54854074460362801  0.55488145913599318  0.56125917037637196  0.56798424139593517
  0.57467351645006792  0.58117375744928024  0.58726648336741805  0.59337237975370460
  0.59958181939492949  0.60601549375125741  0.61271023698398197  0.61945790959422087
  0.62611860268059460  0.63263284898462380  0.63913110593140410  0.64584064443648548
  0.65292110612484022  0.66059922354847322  0.66791996339701543  0.67549073624968292
  0.68295232692233676  0.69053625672692898  0.69789975351935407  0.70546459631157987
  0.71337546745187308  0.72166316607381520  0.73005651871343102  0.73890146695972225
  0.74761736577359272  0.75741613188737145  0.76785758616424038  0.77913603681179033
  0.79101291230020720  0.80349603982804085  0.81673437967640738  0.83137900946152632
  0.84868713190167577  0.86974454940724910  0.90409708721372373  1.00000000000000000
   9.8787113386027624E-011  -1.0000000000000000     
 F F F F F F F F F F F F F F F F F F F F F F F F F F F F F F F F F F F F F F F F F F F F F F F F F F F F F F F F F F F F F F F F F F F F F F F F F F F F F F F F F F F F F F F F F F F F F F F F F F F F F F F F F F F F F F F F F F F F F F F F F F F F F F F F
  <DiscreteSampler_grid>
  grouped_processes
  1 # 1 for a reference and 2 for a running grid.
  10 # Attribute 'min_bin_probing_points' of the grid.
  1 # Attribute 'grid_mode' of the grid. 1=='default',2=='initialization'
  0.0000000000000000 # Attribute 'small_contrib_threshold' of the grid.
  0.5000000000000000 # Attribute 'damping_power' of the grid.
 # binID   n_entries weight   weight_sqr   abs_weight
    10   10   2.235504385627002E+000   7.795339179662664E+000   2.235504385627002E+000
  </DiscreteSampler_grid>
